30
  0 679 340 325 412 416 444 599 471 434 370 416 464 403 379 509 455 150 485 182  82 586 215 261 524 253 515 381 598 115
679   0 340 404 268 273 282  87 317 421 418 266 226 366 435 231 225 537 345 498 599  99 515 427 237 427 210 316 104 569
340 340   0 139  75  91 152 260 214 259 201  81 133 181 226 202 116 200 248 159 260 248 202  99 224  88 199  84 263 231
325 404 139   0 162 138 130 341 351 394 331 199 248  80 355 328 202 231 386 182 261 306 279 188 205 144 206  94 307 213
412 268  75 162   0  39 108 192 212 284 238  46  87 171 262 170  45 275 250 232 333 174 271 171 164 161 133  72 189 301
416 273  91 138  39   0  71 205 250 321 273  84 120 135 298 205  66 285 289 240 338 176 292 190 134 171 108  45 184 302
444 282 152 130 108  71   0 230 318 391 343 153 182  87 367 265 121 327 357 279 372 185 349 246  80 217  77  72 180 330
599  87 260 341 192 205 230   0 237 340 333 184 140 316 350 150 148 455 267 417 518  60 430 343 209 346 172 249  90 490
471 317 214 351 212 250 318 237   0 104 117 167 143 380 126  88 202 324  40 310 393 273 261 225 356 259 316 277 304 388
434 421 259 394 284 321 391 340 104   0  71 240 234 439  56 191 286 300  82 301 364 373 220 227 441 272 403 337 404 373
370 418 201 331 238 273 343 333 117  71   0 199 208 382  25 191 250 232 119 231 297 356 155 158 401 203 366 283 384 304
416 266  81 199  46  84 153 184 167 240 199   0  53 215 223 130  54 272 205 235 335 180 254 161 203 164 167 114 201 309
464 226 133 248  87 120 182 140 143 234 208  53   0 255 229  85  62 318 182 284 383 150 290 206 214 214 173 159 177 360
403 366 181  80 171 135  87 316 380 439 382 215 255   0 407 339 198 310 418 261 340 271 351 255 142 214 157 104 263 292
379 435 226 355 262 298 367 350 126  56  25 223 229 407   0 206 274 245 120 249 309 376 164 179 425 225 389 308 405 319
509 231 202 328 170 205 265 150  88 191 191 130  85 339 206   0 144 360 120 334 428 188 313 250 288 271 247 241 220 413
455 225 116 202  45  66 121 148 202 286 250  54  62 198 274 144   0 315 241 275 375 133 305 208 156 203 117 109 150 345
150 537 200 231 275 285 327 455 324 300 232 272 318 310 245 360 315   0 341  50  69 447  88 113 407 115 390 258 463  77
485 345 248 386 250 289 357 267  40  82 119 205 182 418 120 120 241 341   0 332 409 307 272 249 395 286 355 315 339 409
182 498 159 182 232 240 279 417 310 301 231 235 284 261 249 334 275  50 332   0 101 406 112  86 359  72 344 210 420  80
 82 599 260 261 333 338 372 518 393 364 297 335 383 340 309 428 375  69 409 101   0 506 146 179 452 173 440 306 520  52
586  99 248 306 174 176 185  60 273 373 356 180 150 271 376 188 133 447 307 406 506   0 434 340 152 335 119 218  33 474
215 515 202 279 271 292 349 430 261 220 155 254 290 351 164 313 305  88 272 112 146 434   0 104 424 138 400 278 454 164
261 427  99 188 171 190 246 343 225 227 158 161 206 255 179 250 208 113 249  86 179 340 104   0 321  47 297 175 358 166
524 237 224 205 164 134  80 209 356 441 401 203 214 142 425 288 156 407 395 359 452 152 424 321   0 295  42 150 134 409
253 427  88 144 161 171 217 346 259 272 203 164 214 214 225 271 203 115 286  72 173 335 138  47 295   0 277 146 349 146
515 210 199 206 133 108  77 172 316 403 366 167 173 157 389 247 117 390 355 344 440 119 400 297  42 277   0 135 107 400
381 316  84  94  72  45  72 249 277 337 283 114 159 104 308 241 109 258 315 210 306 218 278 175 150 146 135   0 223 267
598 104 263 307 189 184 180  90 304 404 384 201 177 263 405 220 150 463 339 420 520  33 454 358 134 349 107 223   0 485
115 569 231 213 301 302 330 490 388 373 304 309 360 292 319 413 345  77 409  80  52 474 164 166 409 146 400 267 485   0
